height: 376
width: 672

left:
  fx: 350.02
  fy: 350.02
  cx: 325.565
  cy: 181.4325
  k1: -0.172512
  k2: 0.0265095
  p1: 0.00247247
  p2: -0.000663028
  k3: 0

right:
  fx: 349.9575
  fy: 349.9575
  cx: 341.205
  cy: 176.0815
  k1: -0.174145
  k2: 0.0272368
  p1: 0.00231122
  p2: -0.000602847
  k3: 0

stereo:
  Baseline: 120.002 # mm
  TY: 0.00246057 # mm
  TZ: 0.00202527 # mm
  # rodrigues vector
  RX: -0.00427401 # rads
  RY: 0.0110137 # rads, ZED calls this CV
  RZ: -0.00174704 # rads
